105000370000000200097300010000053102300801004201470000070008640008000000012000807.
001300702006200010020000004200601309000000000403809007100000080050006400904008500.
001725000080010000250000130070000500000106000009000080045000029000090060000648300.
670008010020060000000030000201000006480001700000000009004500000000000300003400802.
000000000100040070700500020017600500060000300000802600000900045009208000008030000.
903000024007094000001006030064008000000000040000900050000003700500000100080060000.
090384000002070000000000071500003240030000000001005090000800000706520000000006400.
040000000806000007500000100005190060004050000000300091000002436090000000000008020.
027000800001000700000400000300000080050000009070028000090067000580000030000040056.
000003017015009008060000000100007000009000200000500004000000020500600340340200000.
380000000000400785009020300060090000800302009000040070001070500495006000000000092.
000700800006000031040002000024070000010030080000060290000800070860000500002006000.
790000003400000060801004002005000000300100000040006209200030506030605421000000300.
000815400105000030000004001019000080060400000208790000001000043800000297006002000.
790000003000000060801004002005000000300100000040006209200030006030605421000000000.
