040000179002008054006005008080070910050090030019060040300400700570100200928000060.
802050701007082460010900000600001832500000009184300006000004020095610300308090607.
000000007720309001008705060502890000040501090000063705030906100200107053900000000.
206000049037009000100700006000580900705000804009062000900004001000300490410000208.
025007004001005020700020500509004800000000000007500609003070006040100700800200910.
001725000080010006250000130070000500000106000009000080045000029700090060000648300.
008060900000203678706051004973048100620039050001700000580900306000000000040005721.
302065047050034182090170060206090308100000270089503400470300005000648091000200000.
071039000460075010830060702042000058600000970010500004000008469790342000500001300.
002000500010705020400090007049000730801030409036000210200080004080902060007000800.
050010040107000602000905000208030501040070020901080406000401000304000709020060010.
000602000400050001085010620038206710000000000019407350026040530900020007000809000.
703108459900060800000000000010290367075003008000701000002070015086350020000010000.
000059020090740000406001908017020500800005702000003041580600000934000280061002000.
907501820035020010018006003000000209090652001102049500386400000750210600400000080.
