050200000300005080960078200000030020708000103040080000001640032070500001000009050.
800200046007900000100000500000500032408000701320007000006000009000003200280006003.
001725000080010000250000130070000500000186000009000080045000029000090060000648300.
050090000004800009000107280560000137000000000173000042021508000600003800000010060.
000400702064000050100007009210008003000050000800100075900700008080000920507002000.
000054306000003270000720001900070053000000000820010009300061000046900000701540000.
002004000008600000090000030800062000140030509070000000035008607000000042000901003.
000040009000700000001000600013690400000000008000528000067180000000000902954030010.
007001400060000000205000000001760058000030000090204000030050009004000600050080721.
000000000079050180800000007007306800450708096003502700700000005016030420000000000.
000000085000210009960080100500800016000000000890006007009070052300054000480000000.
700004001020060080001500200800090700050307020006050008008009100090010060500800003.
000060005624000010001000300008004037009100500007500090082470000090310000000029053.
806000052090740000072658034000200063903160007000000000000500600410000325507000008.
100843000008027031600000000004300100537900080010004305490030070300100000000405010.
